"Timestamp","Target ID","Source ID","Result","Status","Message"
"2018/06/18 18:06:00","470fe56c37b213005d19dcc773990eb0","HAS000000000104","Updated","Success","No Changes Made"
"2018/06/18 18:06:00","3592da24377613005d19dcc773990efa","HAS000000000106","Updated","Success","No Changes Made"
"2018/06/18 18:06:00","3192da24377613005d19dcc773990ee5","HAS000000000209","Updated","Success","No Changes Made"
"2018/06/18 18:06:00","e592da24377613005d19dcc773990ec9","HAS000000000305","Updated","Success","No Changes Made"
